world: c8f89cbe-0bbb-419d-8abd-a04213fc58ab
world-name: ride
x: 2.5174926839358855
y: 4.0
z: 15.495320746704605
yaw: -90.45000457763672
pitch: -1.2000081539154053
name: ride
lastowner: 522b1a65-cdd5-348f-bfe3-1448aaffcf22
